#timestamp x y z qx qy qz qw
1730833244.156331 -1.610227 0.162660 0.427456 0.727061 -0.621025 -0.239858 -0.167865
1730833245.189347 -2.285061 -0.301714 0.378848 0.773381 -0.624861 -0.056180 -0.090962
1730833246.305671 -3.098705 -0.460224 0.492319 0.772224 -0.624175 -0.042868 -0.110629
1730833247.322025 -4.042408 -0.894222 0.467040 0.739114 -0.673198 0.018536 -0.013066
1730833248.554980 -2.509806 1.117373 1.129160 0.735094 -0.669907 -0.018859 0.102499
1730833249.571333 -2.422395 1.366725 1.230145 0.737283 -0.673351 -0.048444 0.025788
1730833250.654334 -1.338222 1.089481 0.779946 0.725884 -0.684633 -0.065051 -0.011826
1730833251.687349 -1.361153 1.137410 0.751499 0.724811 -0.679740 -0.108443 -0.029032
1730833252.703704 -1.321224 1.077639 0.663559 0.737772 -0.669776 -0.082069 0.018882
1730833253.820027 -1.314951 1.079822 0.596056 0.742023 -0.658946 -0.122435 0.014221
1730833254.836380 -1.307101 1.083814 0.526672 0.754830 -0.646074 -0.113108 0.005190
1730833255.852734 -1.315783 1.170853 0.468946 0.739825 -0.666376 -0.082514 -0.042358
1730833256.885749 -1.316593 1.283237 0.376711 -0.666711 0.744263 -0.014909 -0.036685
1730833257.902102 -1.276175 1.350372 0.356352 -0.581568 0.811299 0.047461 -0.036330
1730833259.018425 -1.297274 1.409618 0.339184 -0.470203 0.872955 -0.122046 0.044311
1730833261.051131 -1.312121 1.403402 0.387241 -0.525699 0.841489 -0.123487 -0.016987
1730833262.084146 -1.322839 1.446507 0.380577 -0.471407 0.879977 -0.007651 -0.057937
1730833263.100500 -1.263632 1.467603 0.340528 -0.431407 0.881483 -0.012439 -0.191630
1730833264.116853 -1.213263 1.484786 0.316881 -0.389121 0.905703 -0.048771 -0.160964
1730833265.149867 -1.201619 1.483668 0.288280 -0.358262 0.898207 -0.207712 -0.147405
1730833266.182882 -1.181008 1.513153 0.261597 -0.375401 0.863456 -0.258463 -0.216136
1730833267.199234 -1.174177 1.515810 0.262002 -0.415834 0.830367 -0.249464 -0.274481
1730833268.215587 -1.160208 1.496080 0.296336 -0.403501 0.862295 -0.229601 -0.202282
1730833270.248294 -1.201701 1.406653 0.426733 -0.691130 0.705857 -0.027468 -0.152810
1730833271.264647 -1.104873 1.444662 0.529988 0.722813 -0.667295 0.103002 0.147137
1730833272.281000 -0.951671 1.313330 0.702387 0.949365 -0.302516 -0.083951 0.011960
1730833273.314014 -0.985186 1.371395 0.738396 0.958387 -0.250996 -0.135967 0.002930
1730833274.347028 -0.979755 1.361209 0.854384 0.980726 -0.146607 -0.083111 0.098868
1730833275.463350 -0.976504 1.353052 0.876382 0.985512 -0.082253 -0.148139 0.007431
1730833276.479702 -0.980291 1.396623 0.940518 0.961555 -0.062415 -0.267425 0.000568
1730833277.562701 -1.101422 1.395432 0.922671 0.991034 -0.005342 -0.053718 -0.122215
1730833278.629038 -1.138549 1.519006 0.901191 0.999381 0.018659 0.012354 -0.027152
1730833279.662052 -1.081417 1.602610 0.892909 0.997525 0.058262 -0.039016 0.005210
1730833280.678405 -1.081537 1.643700 0.910424 0.989598 0.134094 -0.037388 0.036295
1730833281.794725 -1.233920 1.540755 1.058526 0.903662 0.426234 -0.026676 0.031752
1730833282.811078 -1.324162 1.472750 1.104770 0.885117 0.460839 -0.055253 0.033791
1730833283.827430 -1.342381 1.690470 1.116874 0.882568 0.469385 -0.027279 0.002785
1730833284.860443 -1.196288 1.846888 1.123389 0.835154 0.549155 -0.016720 0.025838
1730833285.876795 -1.272864 2.140058 1.119609 0.849843 0.523214 -0.063124 0.005425
1730833286.893147 -1.127429 2.354883 1.128035 0.804619 0.592612 -0.026268 0.026640
1730833287.909498 -1.084533 2.678614 1.128920 0.747714 0.662444 -0.040440 0.021369
1730833288.942512 -1.218510 2.945032 1.121384 0.789219 0.609771 -0.071386 -0.014701
1730833289.958863 -1.272515 3.276915 1.128040 0.781474 0.622129 -0.045465 0.013686
1730833290.975215 -1.429789 3.665681 1.137896 0.841838 0.531259 -0.083771 0.045329
1730833291.991567 -1.169668 3.946270 1.127173 0.847447 0.521672 -0.098453 -0.000104
1730833293.007919 -1.159814 4.335400 1.137705 0.907813 0.416739 -0.025317 -0.039531
1730833294.040932 -0.809303 4.597923 1.133440 0.952684 0.298153 -0.047085 -0.035780
1730833295.057283 -0.457039 4.820068 1.120638 0.997128 0.043778 -0.037145 -0.049388
1730833296.156943 0.168461 4.908900 1.138995 0.997942 -0.039401 -0.037079 -0.034416
1730833297.189956 0.845740 4.796083 1.109667 0.997068 -0.053909 -0.051950 -0.015841
1730833298.222969 1.470680 4.673610 1.114453 0.997330 -0.006786 -0.069139 -0.022485
1730833299.239321 2.030375 4.724357 1.111926 0.996594 -0.031787 -0.073242 -0.020648
1730833300.338980 2.597169 4.706022 1.112875 0.997947 -0.018393 -0.061264 0.003254
1730833301.371994 3.034248 4.582565 1.117584 0.996939 -0.038556 -0.067082 -0.011253
1730833302.388345 3.532614 4.571195 1.121501 0.996515 -0.039402 -0.071062 -0.018863
1730833303.421358 4.046020 4.440943 1.122750 0.995799 0.041391 -0.081344 -0.007321
1730833304.537678 4.642163 4.416719 1.118405 0.997671 0.006775 -0.064755 -0.020334
1730833305.653999 5.209316 4.381453 1.135816 0.996782 -0.043616 -0.067111 -0.004522
1730833306.670351 5.673299 4.168071 1.130095 0.997102 -0.022771 -0.072446 -0.004496
1730833307.686702 6.123755 4.090132 1.122692 0.992818 -0.100102 -0.065296 0.005266
1730833308.703053 6.476111 3.903972 1.127738 0.992861 -0.097732 -0.061729 0.029414
1730833309.736066 6.876991 3.774310 1.126315 0.995489 -0.083573 -0.041090 -0.018137
1730833310.752417 7.400657 3.636628 1.143786 0.994391 -0.088720 -0.057570 -0.000210
1730833311.768769 7.895094 3.397176 1.149550 0.997888 -0.049302 -0.040675 -0.011593
1730833312.801782 8.349470 3.422978 1.153981 0.996866 -0.049268 -0.061089 -0.009941
1730833313.818133 8.746792 3.227170 1.152202 0.997012 -0.014601 -0.074279 -0.015388
1730833314.934453 9.287615 3.196257 1.142010 0.995894 -0.000401 -0.079152 -0.043943
1730833315.950805 9.723532 3.213308 1.160993 0.998221 0.026273 -0.053016 -0.007356
1730833316.967156 10.180524 3.256151 1.161481 0.998436 0.024620 -0.050194 -0.000495
1730833317.983507 10.594327 3.436648 1.174193 0.995173 -0.077061 -0.060650 0.003793
1730833319.016520 10.850610 3.352935 1.168119 0.991987 -0.106952 -0.067240 -0.001177
1730833320.032871 11.001276 3.415982 1.173965 0.986787 -0.137009 -0.080331 0.032043
1730833322.082235 11.046900 3.475760 1.178279 0.980140 -0.177379 -0.082126 0.033431
1730833324.214906 11.175405 3.324564 1.172256 0.985062 -0.151409 -0.080487 0.015806
1730833325.247918 11.384373 3.283070 1.168375 0.979588 -0.187760 -0.071395 -0.007470
1730833326.264269 11.656639 3.138449 1.163184 0.969365 -0.234774 -0.067301 -0.026136
1730833327.280621 11.977408 2.952253 1.170593 0.937422 -0.341220 -0.058843 -0.036683
1730833328.313632 12.252615 2.766409 1.168055 0.949503 -0.304966 -0.067962 -0.028664
1730833329.329984 12.591913 2.656008 1.185112 0.951356 -0.301733 -0.061159 0.011814
1730833330.362996 12.849917 2.460297 1.178329 0.944930 -0.320549 -0.065773 0.005470
1730833331.379347 13.211877 2.334786 1.183568 0.913579 -0.400630 -0.066320 -0.021695
1730833332.395699 13.386090 2.085147 1.182959 0.910910 -0.405779 -0.074730 -0.001004
1730833333.428711 13.700352 1.904591 1.187826 0.854941 -0.513054 -0.065256 -0.039918
1730833334.528369 13.812509 1.630942 1.185477 0.870945 -0.486860 -0.061615 -0.025017
1730833335.561381 13.943870 1.614567 1.187214 0.843161 -0.533369 -0.067711 -0.003436
1730833336.577732 13.944584 1.626325 1.189194 0.832258 -0.546391 -0.091780 -0.019499
1730833339.660107 13.917558 1.615515 1.178541 0.799495 -0.593219 -0.092089 -0.020433
1730833340.676458 13.909130 1.607241 1.178222 0.819898 -0.561290 -0.110687 -0.021680
1730833345.758211 13.952995 1.664273 1.168964 0.813612 -0.574476 -0.083931 -0.031137
1730833347.790913 13.944237 1.645791 1.170542 0.833071 -0.549069 -0.066624 -0.008745
1730833348.807263 13.950198 1.633722 1.165969 0.850594 -0.518530 -0.084081 -0.023403
1730833350.839964 13.921776 1.646657 1.172146 0.836343 -0.542260 -0.067632 -0.043703
1730833355.038658 13.943094 1.649783 1.180353 0.845209 -0.528428 -0.079684 -0.005992
1730833364.202472 13.932348 1.679739 1.170942 0.826264 -0.559910 -0.059621 -0.015313
1730833367.351492 13.924725 1.662502 1.175243 0.861197 -0.500603 -0.087662 -0.007223
1730833369.400851 13.950962 1.686251 1.177885 0.909227 -0.409734 -0.073128 -0.008731
1730833370.433865 13.786892 1.599151 1.165855 0.995638 -0.091682 -0.015326 0.008014
1730833371.466877 13.770058 1.560176 1.158179 0.997784 -0.049731 -0.026592 -0.035309
1730833372.483227 13.901551 1.754828 1.178432 0.838486 -0.543399 0.024087 -0.032841
1730833373.499577 13.857657 1.915918 1.169967 0.847229 -0.531014 0.006948 -0.013386
1730833374.515927 13.860388 1.923935 1.169885 0.846636 -0.531185 -0.025236 -0.020326
1730833375.532277 13.908480 1.864758 1.171475 0.845169 -0.532335 -0.046226 -0.013143
1730833377.581639 13.895302 1.895587 1.172522 0.820587 -0.570724 -0.029363 -0.006949
1730833380.647349 13.861277 1.860337 1.175104 0.791138 -0.610505 -0.008406 0.036256
1730833381.680359 13.831354 1.643548 1.167437 0.794276 -0.606918 0.001335 0.027819
1730833382.696710 13.632207 1.517657 1.158356 0.842303 -0.537235 0.023176 0.036978
1730833383.729722 13.717994 1.506567 1.165602 0.822429 -0.567846 -0.031250 0.013579
1730833384.829379 13.756175 1.595672 1.171566 -0.546714 0.835898 -0.048738 0.001748
1730833385.862391 13.716886 1.524255 1.164582 0.784146 -0.620242 -0.006409 -0.019329
1730833387.911752 13.701233 1.513485 1.167022 0.800883 -0.598764 -0.004469 -0.006970
1730833388.928101 13.698355 1.481927 1.156888 0.817039 -0.576480 -0.006012 -0.009054
1730833394.126480 13.699022 1.501940 1.157645 0.799262 -0.600457 -0.025126 -0.000125
1730833400.441176 13.705609 1.510737 1.161653 0.784167 -0.620287 -0.017261 0.005248
1730833410.854592 13.700765 1.550800 1.163021 -0.475024 0.879636 -0.011927 0.021242
1730833411.870941 13.725142 1.504853 1.157976 0.770732 -0.629066 -0.097839 0.026006
1730833412.903952 13.691961 1.537457 1.153955 0.770133 -0.635402 -0.053591 0.016943
1730833415.036619 13.696958 1.484809 1.160767 0.769228 -0.636469 -0.056505 0.001781
1730833416.052968 13.673886 1.528695 1.159752 0.760952 -0.648510 -0.010065 0.016889
1730833418.085667 13.699422 1.522803 1.155542 0.819457 -0.571142 -0.047157 0.007929
1730833419.118677 13.665633 1.504337 1.151199 0.818282 -0.574769 -0.007380 -0.000805
1730833420.234995 13.659010 1.510966 1.154979 0.803300 -0.595194 -0.019663 -0.008130
1730833421.251344 13.676470 1.509588 1.158168 0.824145 -0.563257 -0.055372 -0.021451
1730833423.284042 13.680425 1.551808 1.151246 0.795378 -0.606020 -0.010539 0.001159
1730833426.449720 13.677560 1.538743 1.156325 0.810306 -0.585607 -0.021642 0.000830
1730833427.549376 13.679773 1.518856 1.161027 0.835647 -0.547388 -0.044004 0.011190
1730833429.615396 13.682665 1.552319 1.167362 0.851419 -0.524228 -0.002155 0.016316
1730833431.748063 13.713368 1.502434 1.156667 0.862923 -0.504050 -0.035184 0.007722
1730833432.764412 13.725615 1.516294 1.155519 0.841033 -0.539768 -0.033356 0.014157
1730833433.780760 13.722642 1.547903 1.153912 0.842045 -0.538745 -0.008268 0.025404
1730833436.946438 13.714537 1.537092 1.162270 0.825865 -0.563305 -0.013134 0.021485
1730833450.442215 13.695815 1.502851 1.166225 0.828103 -0.559287 -0.037992 -0.000227
1730833463.021611 13.708559 1.511166 1.165167 0.862927 -0.500912 -0.057466 0.033789
1730833464.037959 13.697771 1.503234 1.160818 0.871183 -0.489212 -0.040960 0.005914
1730833466.070655 13.710599 1.523075 1.160320 0.844032 -0.534375 -0.045308 0.000823
1730833474.318071 13.707405 1.455885 1.165656 0.827469 -0.560151 -0.038853 -0.004049
1730833478.566740 13.718009 1.522360 1.169909 0.814882 -0.578132 -0.039754 0.012291
1730833480.782712 13.698770 1.582132 1.160060 -0.481635 0.874570 -0.050672 0.024236
1730833481.799060 13.723216 1.592561 1.167242 -0.480507 0.876572 0.006671 -0.026278
1730833482.832070 13.703824 1.516437 1.166383 -0.671564 0.739708 0.037031 -0.021512
1730833484.864766 13.706358 1.537157 1.173616 -0.691574 0.719591 0.059448 -0.019497
1730833485.881114 13.742712 1.565684 1.172768 0.798969 -0.592318 -0.092344 0.047755
1730833489.963167 13.742967 1.572371 1.158219 0.801156 -0.593987 -0.057143 0.045422
1730833490.979516 13.752044 1.570071 1.157766 0.773330 -0.630640 -0.024165 0.060583
1730833492.012525 13.766214 1.555253 1.148400 -0.688799 0.724739 -0.005051 -0.016849
1730833493.028873 13.786166 1.576265 1.161940 -0.607594 0.793006 0.040588 -0.018006
1730833494.045220 13.777366 1.571632 1.164954 -0.557373 0.829844 0.024287 -0.010213
1730833495.078230 13.529908 1.442697 1.164726 -0.591002 0.804245 0.058407 -0.022272
1730833496.177885 13.440349 1.223539 1.152013 -0.617390 0.783890 0.057480 -0.032292
1730833497.210894 13.271698 1.081330 1.150522 -0.695699 0.716546 0.029611 -0.041088
1730833498.243903 13.253534 1.004095 1.152947 0.786430 -0.611776 -0.057955 0.062447
1730833499.260251 13.207751 0.988597 1.147638 0.758393 -0.650980 -0.021266 0.024766
1730833501.309608 13.183575 0.973090 1.150213 0.723813 -0.689038 -0.036355 -0.000151
1730833504.491942 13.174870 0.971596 1.143657 0.751713 -0.658060 -0.043404 0.000311
1730833508.573994 13.175549 0.973192 1.135174 0.731402 -0.681535 -0.023667 -0.000521
1730833520.003738 13.198677 1.012196 1.143699 0.713854 -0.700113 -0.011532 0.011023
1730833535.515528 13.185065 1.030504 1.147042 -0.696004 0.717947 -0.011130 -0.002372
1730833537.564884 13.153669 1.050702 1.141075 -0.643869 0.764807 -0.012797 0.018415
1730833538.581232 13.146337 1.064892 1.129154 -0.681068 0.731903 -0.020473 -0.006733
1730833539.597579 13.086669 0.986421 1.133261 0.763407 -0.645686 -0.007459 0.015611
1730833540.613926 13.030085 0.919131 1.136436 0.798787 -0.601605 0.000326 0.003383
1730833541.630273 13.014551 1.000586 1.142566 -0.666483 0.741204 0.063254 0.049163
1730833542.646620 13.036191 1.184392 1.167036 -0.677700 0.734938 0.020428 0.013129
1730833543.662966 12.841388 1.148213 1.161844 0.782577 -0.622376 -0.013699 -0.005822
1730833544.679313 12.810793 1.100089 1.155405 0.806746 -0.590146 -0.024350 -0.017203
1730833545.712322 12.829935 1.099842 1.154244 0.903633 -0.427842 -0.009220 0.017694
1730833546.745330 12.855557 1.079036 1.140845 0.938810 -0.342085 -0.025690 -0.030885
1730833547.844984 12.858248 1.094725 1.146494 0.951374 -0.307929 0.003862 0.007173
1730833556.109049 12.854909 1.096563 1.149217 0.939978 -0.341086 0.009314 0.003758
1730833557.125396 12.860895 1.087208 1.147547 0.948257 -0.317306 0.009676 0.005691
1730833558.158404 12.848650 1.082491 1.151620 0.956963 -0.289787 -0.011370 0.010744
1730833562.240452 12.826397 1.099972 1.148258 0.948750 -0.315440 0.001830 0.019185
1730833564.289807 12.822595 1.111125 1.148377 0.934980 -0.354485 0.008876 -0.008639
1730833565.406122 12.840317 1.121289 1.145908 0.950343 -0.310805 -0.013757 0.007740
1730833568.471823 12.857200 1.138625 1.165519 0.920232 -0.390927 -0.015946 0.009756
1730833569.488170 13.000815 1.187956 1.165200 0.879187 -0.476235 0.004860 -0.014409
1730833570.504517 13.020686 1.131941 1.173187 0.905374 -0.420928 -0.039339 0.039615
1730833571.520864 13.011156 1.134265 1.175528 0.886284 -0.461992 -0.022729 0.023409
1730833573.570218 12.976443 1.191378 1.173389 0.892668 -0.450260 -0.010290 0.017404
1730833576.719226 13.012451 1.143740 1.166274 0.900093 -0.433746 -0.037276 0.017518
1730833578.851887 13.014455 1.147045 1.170539 0.915356 -0.401201 -0.030462 0.015283
1730833584.066910 12.971016 1.163743 1.164202 0.875771 -0.482412 -0.000195 0.017410
1730833585.083256 12.904398 1.091169 1.161284 0.888072 -0.459473 0.011905 0.008463
1730833589.265271 12.941023 1.076461 1.164266 0.903316 -0.428943 -0.000305 0.005312
1730833593.447286 12.949320 1.100654 1.161859 0.926574 -0.376030 -0.007412 0.002532
1730833598.728954 12.995783 1.072764 1.170542 0.923618 -0.381849 -0.033210 -0.004376
1730833602.827661 12.972773 1.120943 1.170212 0.915152 -0.403084 -0.001701 -0.004195
1730833612.191374 12.983425 1.120862 1.161553 0.921604 -0.386790 -0.032198 0.001591
1730833621.588408 13.057601 1.183199 1.165515 0.816063 -0.577597 -0.020385 -0.002890
1730833622.604753 12.949846 1.196132 1.167738 0.863541 -0.502193 -0.040102 0.022159
1730833623.621099 13.128160 1.158137 1.160455 0.880752 -0.472987 0.005039 -0.023111
1730833624.654106 13.491038 0.898473 1.150595 0.895844 -0.443029 -0.017508 -0.029705
1730833625.670452 13.934753 0.662255 1.139423 0.793811 -0.605572 0.016290 -0.053684
1730833626.686798 14.255044 0.221817 1.115465 -0.657674 0.751900 -0.039231 0.023925
1730833627.703143 14.329796 -0.275851 1.106498 -0.555631 0.831117 -0.017506 -0.014543
1730833628.719489 14.268356 -0.819321 1.066167 -0.388639 0.918948 -0.062337 -0.024670
1730833629.752496 13.919704 -1.323481 1.002138 -0.340994 0.939383 -0.016810 -0.031632
1730833630.852149 13.460801 -1.811878 0.964059 -0.320759 0.946907 -0.000982 -0.021897
1730833631.885156 13.114448 -2.325281 0.871804 -0.365149 0.929738 -0.046294 0.010461
1730833633.001470 12.775796 -2.884536 0.853762 -0.313947 0.948868 -0.032405 -0.006006
1730833634.117784 12.366673 -3.431877 0.789544 -0.322706 0.946077 -0.024955 -0.013274
1730833635.134130 11.974544 -4.028237 0.765758 -0.548573 0.835746 0.022141 0.010306
1730833636.167137 11.837659 -4.711886 0.680209 -0.599950 0.798952 -0.014509 -0.039068
1730833637.183482 11.734692 -5.415446 0.637266 -0.600590 0.799328 0.016457 -0.009785
1730833638.216489 11.555971 -6.087472 0.569012 -0.652151 0.756619 -0.045502 0.012552
1730833639.232835 11.577615 -6.759667 0.506934 0.748541 -0.660632 -0.003649 0.056907
1730833640.249181 11.639677 -7.430772 0.467918 0.899270 -0.436508 0.010405 -0.025792
1730833641.265525 11.737915 -8.051369 0.415129 0.886063 -0.462708 -0.027141 -0.007571
1730833642.298533 11.968142 -8.709914 0.340119 0.831864 -0.554947 -0.002472 -0.005550
1730833643.314878 12.181930 -9.338934 0.309122 0.758518 -0.651479 0.014936 -0.001349
1730833644.331224 12.243721 -9.983732 0.254436 0.711043 -0.702956 -0.001660 -0.016339
1730833645.364231 12.446898 -10.612004 0.179348 0.735374 -0.675331 -0.031944 -0.046184
1730833646.397238 12.676180 -11.170482 0.149604 0.747387 -0.661076 -0.043949 -0.049595
1730833647.480229 12.859705 -11.774216 0.108196 0.820269 -0.568233 -0.053066 -0.038148
1730833648.563220 13.253936 -12.300396 0.049819 0.954924 -0.289404 -0.065989 -0.003266
1730833649.579566 13.689060 -12.671911 0.008856 0.977213 -0.201219 -0.066883 -0.009644
1730833650.595911 14.156617 -13.037101 -0.026153 0.994931 -0.050393 -0.071442 0.049695
1730833651.628917 14.621823 -13.379341 -0.100391 0.970217 -0.237780 -0.031865 -0.033540
1730833652.645262 15.218287 -13.703901 -0.135253 0.925968 -0.369383 -0.051631 -0.058935
1730833653.678269 15.717708 -14.017017 -0.179710 0.932198 -0.358731 -0.048136 -0.001031
1730833654.711276 16.281433 -14.286574 -0.249112 0.968686 -0.246582 0.019032 -0.021994
1730833655.827589 16.934885 -14.499766 -0.289343 0.998483 -0.040253 0.032993 -0.017988
1730833656.927242 17.535984 -14.767046 -0.363912 0.996689 -0.070320 -0.034269 -0.022171
1730833657.943587 18.096481 -14.855654 -0.411313 0.986346 -0.160779 -0.034979 -0.006877
1730833658.959932 18.700695 -14.883214 -0.454689 0.974198 -0.213308 -0.061915 -0.040067
1730833659.992939 19.255835 -14.995117 -0.489771 0.994543 -0.077145 -0.068906 -0.013589
1730833661.025945 19.854662 -14.960447 -0.553181 0.995089 -0.094693 -0.025208 -0.013954
1730833662.058952 20.564672 -14.853881 -0.584458 0.995753 0.082033 -0.035502 -0.022072
1730833663.091959 21.194626 -14.831140 -0.635120 0.971364 0.234623 -0.037468 -0.000294
1730833664.124965 21.760252 -14.662437 -0.705898 0.996756 0.038491 -0.054663 -0.044812
1730833665.157971 22.325817 -14.412210 -0.724183 0.994160 0.082275 -0.069771 -0.002996
1730833666.257623 22.954384 -14.244113 -0.777825 0.996955 0.066722 -0.034301 -0.021291
1730833667.273968 23.463173 -14.025773 -0.832078 0.994161 0.098314 -0.023198 -0.037947
1730833668.306975 23.976414 -13.689369 -0.866193 0.987045 0.148657 -0.021853 -0.056260
1730833669.323320 24.567797 -13.384953 -0.905954 0.903720 0.424320 -0.056161 0.009419
1730833670.356327 25.145046 -12.917144 -0.967625 0.838008 0.542309 -0.058522 0.014787
1730833671.455979 25.565863 -12.390355 -1.014182 0.947713 0.304835 -0.075277 -0.057008
1730833672.488986 25.986746 -11.893207 -1.076749 0.949096 0.312143 -0.038866 -0.016514
1730833673.505331 26.397377 -11.441199 -1.097306 0.906744 0.421447 -0.013820 -0.002639
1730833674.521676 26.665621 -10.843382 -1.158497 0.888803 0.457327 -0.029664 -0.001167
1730833675.538021 26.969383 -10.258243 -1.217036 0.882954 0.466449 -0.048195 -0.022246
1730833676.554366 27.317327 -9.626940 -1.253738 0.675452 0.730587 -0.061901 0.078584
1730833677.587373 27.428446 -9.022293 -1.324789 0.385875 0.921020 -0.022277 0.048234
1730833678.603718 27.491119 -8.479925 -1.360834 0.205394 0.978556 -0.015150 0.003574
1730833679.720032 27.626797 -7.858077 -1.414248 0.298052 0.954415 -0.011480 0.011230
1730833680.753039 27.634930 -7.311965 -1.458118 0.707608 0.704439 -0.055282 -0.000581
1730833681.852691 27.625248 -6.551626 -1.512178 0.688532 0.723192 -0.053820 -0.004518
